%YAML:1.0
---
image_width: 320
image_height: 240
camera_matrix: !!opencv-matrix
  rows: 3
  cols: 3
  dt: d
  data: [ 862.2237590303323, 0.0, 513.0272154944948, 0.0, 846.6124629297091, 365.30904864535734, 0.0, 0.0, 1.0 ]
distortion_coefficients: !!opencv-matrix
  rows: 1
  cols: 5
  dt: d
  data: [ 0.3036375911320647, -0.7689024028937302, 0.01033629715239127, 0.00952138958923853, 0.6851706585667899 ]
