%YAML:1.0
---
image_width: 640
image_height: 480
camera_matrix: !!opencv-matrix
  rows: 3
  cols: 3
  dt: d
  data: [ 607.3484729400589, 0.0, 314.46470128189344, 0.0, 605.0122861111255, 135.258971721197, 0.0, 0.0, 1.0 ]
distortion_coefficients: !!opencv-matrix
  rows: 1
  cols: 5
  dt: d
  data: [ 0.09256838878967445, -0.047759428080800685, -0.02254067705604059, 0.011449356719058348, -0.026481531696007362  ]
